-0.372924835807 7.74256559578e-07 
-0.372924835106 7.74263262126e-07 
0.278953811712 6.76963002076e-07 
54.1662221786 1.99933806118e-10 
83.5427913837 3.83095665297e-29 
113.165712647 0.00178528585179 
113.165712647 0.00178528585717 
134.543722591 4.47732319952e-11 
170.881779384 0.000886215685642 
170.881779384 0.000886215637426 
218.336911145 0.106638448726 
218.336911145 0.106638448798 
395.852480005 3.3370148921e-11 
529.636370867 0.612486824727 
529.636370867 0.612486824726 
551.693518865 2.06992368174e-11 
556.79894871 0.0276108150828 
556.79894871 0.0276108150583 
575.416785711 0.145422969086 
603.072213002 1.54056557441e-30 
652.127236727 9.36304817411e-11 
690.599960199 8.0934491753e-31 
753.789418921 0.00215579169175 
753.789418921 0.0021557917042 
788.735124951 0.00530574520176 
788.735124951 0.00530574520502 
1013.85181293 0.00120983914687 
1017.71776234 4.65713182778e-11 
1073.04906073 0.0238528157424 
1073.04906073 0.0238528157425 
1128.03732793 0.189434477324 
1168.91630704 4.02371208848e-11 
1478.93181365 0.156916586547 
1478.93181365 0.156916586552 
1493.85811004 4.74006029052e-11 
1560.04149459 1.78598077823 
1609.98835682 0.652030455882 
1609.98835682 0.652030455884 
1622.35874287 8.44428159077e-12 
1658.4043943 0.481768171953 
3308.36804287 1.36213535843 
3308.36804287 1.36213535843 
3339.57090226 1.95172348368e-13 
3348.6865498 0.111473918562 
3457.13730047 0.460017965927 
3457.13730047 0.460017965927 
3458.87188029 1.24444657104e-14 
3490.64907276 2.40373527796 
